dataset: amazon
save_path: tem
topk: [5, 10, 20]
--- Metrics result ---
Best epoch: 45 | Test HR@5 = 0.5225, Test NDCG@5 = 0.3763
Best epoch: 45 | Test HR@10 = 0.6556, Test NDCG@10 = 0.4195
Best epoch: 45 | Test HR@20 = 0.7695, Test NDCG@20 = 0.4484
Test HR@5  (all): 0.1241, 0.4019, 0.4373, 0.3846, 0.4452, 0.4223, 0.4717, 0.4358, 0.5051, 0.4716, 0.4669, 0.4919, 0.4822, 0.5009, 0.4912, 0.5225, 0.4999, 0.5015, 0.4789, 0.5028, 0.5135, 0.5002, 0.5068, 0.4927, 0.5016, 0.5175, 0.5146, 0.5207, 0.5140, 0.5197, 0.5154, 0.5052, 0.5029, 0.5119, 0.5119
Test NDCG@5 (all): 0.0772, 0.2689, 0.2995, 0.2593, 0.3105, 0.2863, 0.3277, 0.2989, 0.3575, 0.3272, 0.3247, 0.3457, 0.3388, 0.3519, 0.3455, 0.3763, 0.3532, 0.3515, 0.3351, 0.3568, 0.3694, 0.3548, 0.3581, 0.3453, 0.3584, 0.3696, 0.3682, 0.3724, 0.3664, 0.3723, 0.3682, 0.3573, 0.3562, 0.3661, 0.3662
Test HR@10  (all): 0.2410, 0.5477, 0.5765, 0.5425, 0.5903, 0.5755, 0.6207, 0.5929, 0.6344, 0.6201, 0.6174, 0.6320, 0.6276, 0.6411, 0.6363, 0.6556, 0.6343, 0.6404, 0.6266, 0.6385, 0.6442, 0.6379, 0.6451, 0.6363, 0.6427, 0.6496, 0.6504, 0.6537, 0.6510, 0.6526, 0.6493, 0.6442, 0.6423, 0.6483, 0.6483
Test NDCG@10 (all): 0.1144, 0.3162, 0.3445, 0.3102, 0.3574, 0.3358, 0.3763, 0.3497, 0.3996, 0.3753, 0.3734, 0.3912, 0.3860, 0.3973, 0.3926, 0.4195, 0.3969, 0.3966, 0.3829, 0.4010, 0.4119, 0.3995, 0.4028, 0.3918, 0.4041, 0.4124, 0.4124, 0.4155, 0.4108, 0.4154, 0.4117, 0.4024, 0.4013, 0.4105, 0.4105
Test HR@20  (all): 0.4556, 0.6983, 0.7152, 0.7025, 0.7297, 0.7334, 0.7499, 0.7420, 0.7586, 0.7539, 0.7557, 0.7574, 0.7573, 0.7651, 0.7661, 0.7695, 0.7604, 0.7672, 0.7598, 0.7640, 0.7678, 0.7657, 0.7706, 0.7664, 0.7686, 0.7721, 0.7723, 0.7712, 0.7716, 0.7730, 0.7739, 0.7702, 0.7707, 0.7732, 0.7731
Test NDCG@20 (all): 0.1683, 0.3543, 0.3795, 0.3506, 0.3928, 0.3759, 0.4092, 0.3876, 0.4311, 0.4093, 0.4084, 0.4231, 0.4188, 0.4288, 0.4255, 0.4484, 0.4290, 0.4289, 0.4166, 0.4329, 0.4433, 0.4320, 0.4348, 0.4249, 0.4360, 0.4435, 0.4433, 0.4453, 0.4414, 0.4460, 0.4434, 0.4344, 0.4339, 0.4422, 0.4422
Train Loss (all): 801.8004, 65.5649, 36.5863, 30.2137, 27.0607, 25.6206, 24.5148, 23.4215, 22.6030, 22.0232, 21.6340, 21.3099, 20.7919, 20.4322, 20.2883, 19.9986, 19.7628, 19.6903, 19.5642, 19.4496, 19.2927, 19.1838, 19.0684, 18.9796, 18.9022, 18.8362, 18.7639, 18.7326, 18.6367, 18.6435, 18.5598, 18.5704, 18.4783, 18.4778
