dataset: gowalla
save_path: tem
topk: [5, 10, 20]
--- Metrics result ---
Best epoch: 93 | Test HR@5 = 0.7368, Test NDCG@5 = 0.5769
Best epoch: 93 | Test HR@10 = 0.8570, Test NDCG@10 = 0.6160
Best epoch: 93 | Test HR@20 = 0.9372, Test NDCG@20 = 0.6366
Test HR@5  (all): 0.3987, 0.5985, 0.6273, 0.6525, 0.6612, 0.6706, 0.6937, 0.6886, 0.6860, 0.6691, 0.6901, 0.7132, 0.7126, 0.7149, 0.7265, 0.7194, 0.7027, 0.7231, 0.7154, 0.7247, 0.7221, 0.7284, 0.7279, 0.7343, 0.7359, 0.7306, 0.7357, 0.7232, 0.7328, 0.7293, 0.7330, 0.7368, 0.7357, 0.7367, 0.7368
Test NDCG@5 (all): 0.2847, 0.4423, 0.4769, 0.4959, 0.5066, 0.5162, 0.5347, 0.5318, 0.5318, 0.5156, 0.5367, 0.5518, 0.5528, 0.5530, 0.5642, 0.5573, 0.5468, 0.5617, 0.5582, 0.5657, 0.5634, 0.5684, 0.5702, 0.5716, 0.5748, 0.5712, 0.5735, 0.5647, 0.5731, 0.5727, 0.5732, 0.5769, 0.5753, 0.5762, 0.5762
Test HR@10  (all): 0.5376, 0.7479, 0.7689, 0.7941, 0.7941, 0.8084, 0.8230, 0.8241, 0.8159, 0.8030, 0.8252, 0.8379, 0.8414, 0.8455, 0.8515, 0.8455, 0.8306, 0.8500, 0.8433, 0.8553, 0.8517, 0.8485, 0.8506, 0.8562, 0.8541, 0.8532, 0.8544, 0.8486, 0.8545, 0.8525, 0.8557, 0.8570, 0.8540, 0.8540, 0.8541
Test NDCG@10 (all): 0.3297, 0.4907, 0.5228, 0.5419, 0.5498, 0.5607, 0.5768, 0.5757, 0.5740, 0.5590, 0.5807, 0.5923, 0.5947, 0.5954, 0.6048, 0.5983, 0.5881, 0.6030, 0.5998, 0.6083, 0.6057, 0.6075, 0.6101, 0.6113, 0.6133, 0.6111, 0.6121, 0.6056, 0.6127, 0.6129, 0.6132, 0.6160, 0.6139, 0.6145, 0.6145
Test HR@20  (all): 0.6954, 0.8731, 0.8866, 0.9022, 0.9011, 0.9138, 0.9231, 0.9226, 0.9183, 0.9074, 0.9192, 0.9292, 0.9277, 0.9317, 0.9330, 0.9309, 0.9217, 0.9340, 0.9265, 0.9340, 0.9319, 0.9308, 0.9334, 0.9361, 0.9352, 0.9341, 0.9364, 0.9308, 0.9332, 0.9333, 0.9340, 0.9372, 0.9356, 0.9340, 0.9340
Test NDCG@20 (all): 0.3694, 0.5225, 0.5526, 0.5694, 0.5770, 0.5875, 0.6023, 0.6009, 0.6001, 0.5856, 0.6047, 0.6156, 0.6167, 0.6174, 0.6256, 0.6200, 0.6114, 0.6245, 0.6211, 0.6284, 0.6262, 0.6286, 0.6312, 0.6318, 0.6340, 0.6319, 0.6331, 0.6266, 0.6328, 0.6335, 0.6332, 0.6366, 0.6347, 0.6350, 0.6349
Train Loss (all): 739.5966, 68.6968, 45.3445, 36.0996, 33.3068, 30.7829, 29.4658, 28.2616, 27.0795, 26.7959, 26.3378, 25.2498, 25.0400, 24.6110, 24.1739, 23.9296, 23.6991, 23.4710, 23.2444, 23.1613, 22.9882, 23.0088, 22.8185, 22.6809, 22.4323, 22.3448, 22.3291, 22.3128, 22.2850, 22.1982, 22.0490, 22.1286, 21.9237, 21.9119
