dataset: yelp-merchant
save_path: tem
topk: [5, 10, 20]
--- Metrics result ---
Best epoch: 54 | Test HR@5 = 0.6594, Test NDCG@5 = 0.4796
Best epoch: 54 | Test HR@10 = 0.8090, Test NDCG@10 = 0.5283
Best epoch: 54 | Test HR@20 = 0.9136, Test NDCG@20 = 0.5549
Test HR@5  (all): 0.3928, 0.5602, 0.5646, 0.5998, 0.6013, 0.6385, 0.6193, 0.6354, 0.6513, 0.6098, 0.6258, 0.6512, 0.6337, 0.6541, 0.6157, 0.6471, 0.6481, 0.6363, 0.6594, 0.6466, 0.6557, 0.6532, 0.6545, 0.6559, 0.6519, 0.6543, 0.6540, 0.6521, 0.6592, 0.6466, 0.6451, 0.6529, 0.6507, 0.6572, 0.6575
Test NDCG@5 (all): 0.2645, 0.3870, 0.3916, 0.4232, 0.4220, 0.4631, 0.4394, 0.4566, 0.4698, 0.4273, 0.4424, 0.4736, 0.4508, 0.4713, 0.4327, 0.4634, 0.4685, 0.4546, 0.4796, 0.4652, 0.4752, 0.4747, 0.4752, 0.4759, 0.4680, 0.4734, 0.4738, 0.4694, 0.4772, 0.4646, 0.4626, 0.4703, 0.4708, 0.4759, 0.4758
Test HR@10  (all): 0.5475, 0.7162, 0.7288, 0.7614, 0.7567, 0.7789, 0.7744, 0.7843, 0.8016, 0.7738, 0.7856, 0.7987, 0.7913, 0.8002, 0.7809, 0.8014, 0.7963, 0.7961, 0.8090, 0.8034, 0.8097, 0.8042, 0.8034, 0.8040, 0.8058, 0.8100, 0.8046, 0.8063, 0.8107, 0.8008, 0.8022, 0.8062, 0.8030, 0.8060, 0.8062
Test NDCG@10 (all): 0.3143, 0.4376, 0.4449, 0.4757, 0.4725, 0.5088, 0.4898, 0.5051, 0.5186, 0.4807, 0.4944, 0.5216, 0.5020, 0.5188, 0.4863, 0.5136, 0.5168, 0.5065, 0.5283, 0.5162, 0.5253, 0.5238, 0.5236, 0.5242, 0.5179, 0.5240, 0.5229, 0.5196, 0.5264, 0.5149, 0.5137, 0.5202, 0.5204, 0.5244, 0.5243
Test HR@20  (all): 0.7083, 0.8507, 0.8681, 0.8884, 0.8847, 0.8893, 0.8955, 0.8964, 0.9092, 0.8966, 0.9003, 0.9072, 0.9033, 0.9107, 0.9001, 0.9107, 0.9068, 0.9078, 0.9136, 0.9071, 0.9137, 0.9112, 0.9097, 0.9084, 0.9117, 0.9134, 0.9113, 0.9135, 0.9146, 0.9119, 0.9129, 0.9125, 0.9119, 0.9142, 0.9143
Test NDCG@20 (all): 0.3551, 0.4718, 0.4803, 0.5080, 0.5050, 0.5369, 0.5205, 0.5337, 0.5459, 0.5121, 0.5237, 0.5492, 0.5305, 0.5470, 0.5167, 0.5414, 0.5449, 0.5349, 0.5549, 0.5427, 0.5518, 0.5511, 0.5507, 0.5507, 0.5450, 0.5503, 0.5501, 0.5469, 0.5529, 0.5432, 0.5419, 0.5473, 0.5482, 0.5520, 0.5519
Train Loss (all): 920.8423, 85.7192, 61.8723, 53.9812, 46.9612, 43.7787, 40.5582, 37.5951, 35.8499, 34.8323, 33.5394, 32.4257, 31.8582, 31.0432, 30.3104, 29.8199, 29.5605, 29.0428, 28.8280, 28.4159, 28.0765, 27.8181, 27.6552, 27.4797, 27.3676, 27.3174, 27.0727, 26.9640, 26.8583, 26.7773, 26.7666, 26.6727, 26.5914, 26.5394
