dataset: yelp
save_path: tem
topk: [5, 10, 20]
--- Metrics result ---
Best epoch: 60 | Test HR@5 = 0.5409, Test NDCG@5 = 0.3724
Best epoch: 60 | Test HR@10 = 0.7209, Test NDCG@10 = 0.4308
Best epoch: 60 | Test HR@20 = 0.8761, Test NDCG@20 = 0.4703
Test HR@5  (all): 0.3100, 0.4463, 0.4775, 0.4805, 0.4760, 0.5193, 0.4910, 0.4949, 0.5039, 0.5177, 0.5173, 0.5115, 0.5044, 0.5356, 0.5166, 0.5232, 0.5297, 0.5187, 0.5235, 0.5380, 0.5409, 0.5346, 0.5317, 0.5286, 0.5250, 0.5266, 0.5316, 0.5296, 0.5338, 0.5289, 0.5257, 0.5259, 0.5327, 0.5348, 0.5352
Test NDCG@5 (all): 0.2043, 0.2974, 0.3216, 0.3190, 0.3168, 0.3518, 0.3270, 0.3340, 0.3397, 0.3560, 0.3510, 0.3469, 0.3403, 0.3669, 0.3505, 0.3577, 0.3618, 0.3530, 0.3540, 0.3704, 0.3724, 0.3676, 0.3637, 0.3593, 0.3580, 0.3580, 0.3628, 0.3625, 0.3656, 0.3627, 0.3571, 0.3593, 0.3645, 0.3668, 0.3670
Test HR@10  (all): 0.4795, 0.6441, 0.6718, 0.6817, 0.6755, 0.7074, 0.6895, 0.6952, 0.6956, 0.7045, 0.7083, 0.7026, 0.6959, 0.7146, 0.7051, 0.7085, 0.7145, 0.7114, 0.7156, 0.7166, 0.7209, 0.7151, 0.7120, 0.7176, 0.7144, 0.7110, 0.7181, 0.7123, 0.7154, 0.7098, 0.7104, 0.7143, 0.7150, 0.7131, 0.7131
Test NDCG@10 (all): 0.2589, 0.3612, 0.3844, 0.3841, 0.3814, 0.4128, 0.3914, 0.3987, 0.4018, 0.4164, 0.4130, 0.4089, 0.4024, 0.4250, 0.4117, 0.4178, 0.4218, 0.4155, 0.4163, 0.4283, 0.4308, 0.4261, 0.4222, 0.4206, 0.4195, 0.4179, 0.4233, 0.4218, 0.4245, 0.4214, 0.4170, 0.4204, 0.4236, 0.4247, 0.4247
Test HR@20  (all): 0.6771, 0.8350, 0.8514, 0.8620, 0.8620, 0.8711, 0.8695, 0.8697, 0.8705, 0.8698, 0.8745, 0.8727, 0.8701, 0.8746, 0.8730, 0.8714, 0.8767, 0.8743, 0.8764, 0.8733, 0.8761, 0.8721, 0.8707, 0.8802, 0.8776, 0.8773, 0.8791, 0.8761, 0.8773, 0.8749, 0.8762, 0.8771, 0.8760, 0.8759, 0.8759
Test NDCG@20 (all): 0.3087, 0.4096, 0.4300, 0.4298, 0.4288, 0.4543, 0.4372, 0.4430, 0.4463, 0.4585, 0.4552, 0.4521, 0.4467, 0.4657, 0.4543, 0.4592, 0.4630, 0.4569, 0.4571, 0.4681, 0.4703, 0.4661, 0.4626, 0.4619, 0.4610, 0.4602, 0.4642, 0.4635, 0.4657, 0.4635, 0.4592, 0.4617, 0.4645, 0.4662, 0.4662
Train Loss (all): 2963.7053, 146.0870, 90.0085, 68.5295, 61.1335, 54.1911, 50.4509, 46.5304, 43.8286, 42.2929, 41.1811, 39.6315, 38.3428, 37.2007, 37.0074, 36.0983, 35.4852, 35.3029, 34.5243, 34.4289, 33.9515, 33.5156, 33.4956, 33.1834, 33.0057, 32.7456, 32.4605, 32.4945, 32.3109, 32.2180, 32.1784, 32.0903, 31.9737, 31.8516
