dataset: movielens
save_path: tem
topk: [5, 10, 20]
--- Metrics result ---
Best epoch: 27 | Test HR@5 = 0.3073, Test NDCG@5 = 0.2111
Best epoch: 27 | Test HR@10 = 0.4779, Test NDCG@10 = 0.2655
Best epoch: 27 | Test HR@20 = 0.7116, Test NDCG@20 = 0.3246
Test HR@5  (all): 0.2620, 0.2249, 0.3036, 0.2770, 0.2780, 0.3016, 0.2658, 0.2942, 0.2990, 0.3073, 0.3103, 0.2593, 0.2967, 0.2843, 0.2323, 0.2866, 0.2872, 0.2886, 0.2743, 0.2530, 0.2466, 0.2957, 0.2747, 0.2797, 0.2820, 0.2751, 0.2886, 0.2681, 0.2811, 0.2866, 0.2531, 0.2839, 0.2838, 0.2694, 0.2696
Test NDCG@5 (all): 0.1684, 0.1438, 0.1977, 0.1850, 0.1857, 0.1950, 0.1790, 0.1952, 0.2028, 0.2111, 0.2102, 0.1754, 0.2000, 0.1936, 0.1562, 0.1974, 0.1941, 0.1993, 0.1876, 0.1724, 0.1685, 0.2016, 0.1838, 0.1911, 0.1946, 0.1876, 0.1981, 0.1833, 0.1927, 0.1977, 0.1723, 0.1964, 0.1953, 0.1867, 0.1867
Test HR@10  (all): 0.4326, 0.3749, 0.4564, 0.4336, 0.4545, 0.4839, 0.4007, 0.4603, 0.4669, 0.4779, 0.4992, 0.4367, 0.4861, 0.4693, 0.3859, 0.4579, 0.4701, 0.4495, 0.4518, 0.4269, 0.4021, 0.4675, 0.4326, 0.4586, 0.4474, 0.4223, 0.4541, 0.4284, 0.4424, 0.4423, 0.4425, 0.4360, 0.4249, 0.4128, 0.4121
Test NDCG@10 (all): 0.2233, 0.1917, 0.2469, 0.2352, 0.2421, 0.2536, 0.2221, 0.2483, 0.2567, 0.2655, 0.2709, 0.2320, 0.2606, 0.2528, 0.2048, 0.2521, 0.2526, 0.2506, 0.2441, 0.2275, 0.2180, 0.2566, 0.2339, 0.2481, 0.2473, 0.2347, 0.2510, 0.2345, 0.2442, 0.2473, 0.2327, 0.2448, 0.2404, 0.2322, 0.2320
Test HR@20  (all): 0.6433, 0.6306, 0.6254, 0.6675, 0.6651, 0.6727, 0.6372, 0.6918, 0.7066, 0.7116, 0.6990, 0.6662, 0.7054, 0.6965, 0.6295, 0.6926, 0.6875, 0.6959, 0.6802, 0.6573, 0.6577, 0.7000, 0.6745, 0.6825, 0.6922, 0.6782, 0.6940, 0.6760, 0.6912, 0.6888, 0.6648, 0.6883, 0.6789, 0.6776, 0.6779
Test NDCG@20 (all): 0.2765, 0.2561, 0.2895, 0.2942, 0.2954, 0.3013, 0.2814, 0.3068, 0.3172, 0.3246, 0.3214, 0.2902, 0.3162, 0.3103, 0.2668, 0.3116, 0.3077, 0.3131, 0.3021, 0.2860, 0.2830, 0.3153, 0.2953, 0.3048, 0.3093, 0.2996, 0.3116, 0.2973, 0.3072, 0.3096, 0.2891, 0.3089, 0.3041, 0.2991, 0.2991
Train Loss (all): 1292.7006, 85.5661, 61.6261, 55.9522, 44.9461, 39.4113, 37.5605, 34.4448, 33.9255, 34.0302, 30.7488, 30.7770, 29.6123, 28.0885, 28.6836, 27.6927, 27.0552, 26.8520, 26.0675, 25.9988, 25.8665, 25.6746, 25.5561, 25.1922, 24.8892, 24.6285, 25.1592, 25.3940, 24.7075, 24.7181, 24.4159, 24.2466, 24.4030, 24.2056
